(99(5()())(35(-5()())()))
3 134 2 129
(99()(35(37()(14()(85()())))()))
5 270 1 270
(21()(94(76()(51()(25()())))()))
5 267 1 267
(27(3()(-8()(30()(95()()))))(74(87(50()())(25(-1()())(82()())))()))
5 464 4 295
(68()(23()(-96(-16()())(63()()))))
4 42 2 58
(32()())
1 32 1 32
()
0 0 0 0
(-17283507(-13144939(20076840()(-2646664()()))(-8656407()()))())
4 -21654677 2 -12998270
(-783006(-6632043()(18068239(17208372()(-19453603()(-1673578(12732225()(-14353973(-11390935()(-12944471()()))()))())))()))())
10 -19222773 1 -19222773
()
0 0 0 0
(16951645(-1351540(16676651()())(-3342059(7557384()(-1079()()))(4114668(-12342003()(-13092255()()))(11628900(21076032(14403176()())(19502100()()))()))))(19792580(9227549(15419676()())(5485859(-3744063()(-4112517()()))(4198196()())))()))
7 128048900 8 68579746
(-4317983(13564073()())(13177718()()))
2 22423808 2 9246090
(12809380()())
1 12809380 1 12809380
(-4788784(16165923()())())
2 11377139 1 11377139
()
0 0 0 0
(16798448(-10995561(-4088897()(1028839()()))(2396517(8517704()())(-20814173()())))(19198350()()))
4 12041227 4 35996798
(-8634923(-6090668(6726215(316349(19621202(10334503(-9592359()())(-7331029(-5527349(7454804()())())()))(10425345(-16741180(4091954()())())(13453612(21355009(-2153020(21291084()(15443386()()))())(8471829()(10531690()())))(-5863234(-4644201()(13836472()()))(-2263103(16718939()(21322514()()))(-735459()()))))))(-11699891(4949420(-16830723(17954872(-6438786(9517262()())(10197414()()))(-3826603(-8735781()())(11057305()(-21240550()(4789748(-2502579()())())))))(7535874(-14678462()())(-59162()())))(-7537900()()))(-9470629(-754125(19992738(13468093(-2370519()())())())(-8834762(11348626()(-12327175()()))(-12025421(18198131(-8898737()())(-16965630(7313944()())(-5786348(-1749380(-976442()())())())))(-18417532()(-20690756()())))))(4614238(-2959466(13414345()())(8040840(-11229804(750378(-16297441()(11395707()(-20911968()())))(-84420(-1647465(-9786199(-9985345(-18138821()())(-11584442()()))())(-14269352(-20206862()())()))(17423921()())))(-17724493(-16527264()())()))(-9995411(16851630()(-19155287()()))(4848003(15290444()(5922104()()))()))))(-11925095(-14208481(-131417()())())())))))(876832(8207317()(18931485()()))()))(3121817()(10316298()())))(-17752666(-21184927(7454214()())())(-5728563()())))
16 -68651700 35 91753591
(11958670(-12872492()(-9485616()(-13524539(6343845()(-14175349(14154043()(16777099(-20625778(-17513326()(-14146607(18244630(-16387472(-12567670()(-16852103()(-21327995(-14926823()(-17164222(2219091(-15834471()(16877971(-4347585()(-290831(6500515()(-6365442(-8174577()(12339903()(5344341(18016456()(-14297942()(-669963(3761775()(-18348555()(17706836(-13239408(-570567()(466714(-13821208()(8558398()(-7254523()(-7323640()(-4262750()(15225416()(15736233(3984111(-15982391(-3396608()(-8025694(-3791233()(-2188789(-4119788(20079444(-4764356()(-12175060(-18045392(-12401214()(-19778583(-826602(8984867()(-11693980(1933783(-8108466(7467920(-1255468(19527504()(18256709(746698(7881204()(8062761()(12682903()(-16082050()(-20886115()(19340920(-14599440()(-20134473(980591(-3255645(-16941028(3312570()(-15661367(-6976938()(-15305567(-3353952(13980974(11894152()(19619013(5277971()(3788428()(15022742(9953286(-9423174()(-391792()(-19029723(-10569946()(-894890(15180621(20807893()(7918883(-21177687(-6314831()())())()))())()))())))())())))()))())())()))()))())())())()))()))))))())()))())())())())()))())()))())()))())())()))()))())())())))))))()))())())))())))())))()))()))()))())()))())))())())()))())()))()))())))())
100 -197005812 1 -197005812
(-13990701(8226292(-17535902(4293489(12134796()(-6061312()(-15667522()(-714913()(-4893099()(-19706042(-13716741(-7267466()(-19539903(-17575687()(4217756()(7786945()(-763926(-16072157()(-11905196()(-12149518()(20941984()(-10212472()(18389318()(-14965715()(-3942901(-779020(-5505151(-16329959()(-7214542(-18995169()(-4485026()(-5603926()(-7481978()(8979588(-7929940(12809379(14421848(17508603(-17809917()(-15716725(-16704074(316916(-18460716(-8287689(-10363634(5109440(17625405(13215193()(-9021631(-4225029(9210832(3428263(11479558()(-13157541(2700939()(10492494(-3813729(-14874860()(-18992959()(-12850091()(11875172(-7104905(-4167885()(17369681()(15336319(15545723(-10799452()(-5850421()(-11635787()(5962159(-9244426(6783906(-17554521()(10679663(-7778868(-20677630()(-8058529(-921544(-7721699()(11784566()(-6676636(5767225(7174262()(-12670656(4833501()(2979301()(3443049()(4317911()(10209361(-17190154(-972411(3196426(8865779()(-11759409()(10009421()(-3186910()(14696949()(-7040070()(-18138560()(-17234947()()))))))))())())())())))))()))())())))())()))())()))())())()))))())())))())()))))())()))()))())())())()))())())())())())())())()))())())())())())))))()))())())()))))))))()))))()))())()))))))())())())())
100 -277550487 1 -277550487
(-13279010(-8304888(5200257(-19977438()(7649809()()))())(7790827(-11414056(20044892(-15062525(14678732()(11763675()()))(-2235402(-15041247(14843081()(-4975864()()))(7223573(-19050203()(-6245836()()))()))(15451412()())))(14970474(17988469()(13849549()()))(13109383()(-10075771()()))))(-16331850(15710973()(-18287848()()))(8533100()(9217376()()))))(-461238(9599778(15120030(-18950445()(3747771(-1450481(-19690643()(-17935972()()))())(16915846(-6093134()())(-12898203()()))))(-7641106(-8471975(-12801011()())())(21125174()(2956939()()))))(-11626682(17340661()())()))(3945051(10371395(-2732947()())(11415866(-3713374(-6654106()())(-173504()()))(-2128359(14835392()(5315283(13246273()())()))())))(-17216511()())))))(12238181(-9999565(15081403(14654756(842991()(-9445421()(-18094336()(7582157()()))))(-10669087(-5397866(6277623()())())(-1426303(-8048530()())())))(21163030()(16212492()(829295()()))))(15737852(13926022(-14989968()(21396195()()))(6240489()()))(-3459824()(5312862()()))))(-15170002(-20722001(-10036517()())())(20028756(-19050417()())(-2878591(-2786051(-20144414()())(-1503818(-19612515()())(6533666()())))(-16180660(13756403(-19575304()(-3811322()()))(-8552115(3981381()())()))(-19950302()())))))))
11 -26669963 35 42746592
(-710685(15905549(3042567(-2258293(18580297()(-21310671()()))(5379549(14124216(-90863()())(-15112049(-13995740()())(1920190()(19394329(6331041()())(-7059187()())))))(-13767921(12533614(10802527(44757(8310890()())())(-5157287()()))(18566743(13451893(-15909809()(-5109362(-13784949()())()))(12226242(-3630827()())()))(-16397911()())))(8398746()(-19765856(2603372(-12939370(-14163195(17835939(-8891593()())())())(963236(1783484(-4146715(18606861(1334129()())(18473451()()))())(7418886()()))(-19192274()(-8229023()()))))(-14594402(-15049954()())(-12237478()())))(16759196(-19699512(17025700()())(14571533()()))(16902928(-7171059()())())))))))(11581196(21306818()())(-7520703(-18736029()())(3977290(7294370(-13907656()())(5427114(-7419184()(12506101()()))()))(-14238985(13814399()(20592928()()))(-17824427()()))))))(10836849(11690936(9532621(1309395()())())(-11835458()(-5234133()())))(-1313086(20639275(3003550(10164438()())(16762527()()))(-11291493()(-4746989()())))(8481797(3827274(5559133(-20580612()())(-1040877()()))())()))))(19093247(16849227(9192957(21242856()())(14463728(16781175()())()))(-1295079(-5203913()(-10783498()()))()))(-502432(17195607(11689795()(-981018()(4555305()())))())())))
15 187832216 37 75669649
(-11950427(-4323271(-2870755(-9944217(-11251374(1945192()(-9704314()()))(-13584075(18274082(16031012()())(-6711855()()))(-14814940()(20487385()()))))(-10585931(-14599654(-5582407(-3611970(-20405059(18576441(-5820695()())())(-15539371(-5988251(14781559()())(-12525930(21182918()())()))()))(-14586686(-17910275()())()))(-12457025(11230402(6070606()())())(-6164453(-13501205()(-15478353()()))())))(2074973(-5416903(-17529002(3919999()())())(6724386()(1324045()())))(2850058(7462229()())(20972668()()))))(12039219(7532726(-12903836(17820413(-3237890(17778911(-6771113()())())())())(-18607217(-8051913()())(-10490378(1995373()())())))(9561025()(7567953(12879814()())(15017383(-17168993()())()))))(3952756(-8116623(20540615(9471588(12880730()())(8594347()()))(-7553577()(11439828()())))(-5786642(-11069299()(6997646()()))()))(-16801623(-3507348()())(-18081036()()))))))(-11905061(-3348359()(19533135(-8531444(-1578248(2532391()())())(-2903255(6914177()())(7433794()())))()))(-16770912()())))(6353746(8853763(-10853394()())(13464350()()))(-15948430(16719751(-10653344(-10754067()())())(-20487402()(19035671()())))(5862317()(20314632(-11840378()())(3119683(-12759962()())(-20504828()())))))))(-12331879(-10388438()())()))
13 -132449595 37 12398161
(-13264410()(-1256586(15013004(9411887()(-17603222()(-2725935()(-16908979(-7165537()(-20031931()(10087392()(-1395566()(2481925(16767697()(-17900317()(-581122(-14923348(17547792()(1627034()(9951911(10627830()(956367(3499414(-16870985()(-19106737(7791128(-20020900(-9407341()(11739969(13440756()(8933293()(8874062()(20390608()(-9727438()(-731293()(-1211249(1332649()(17289935()(-12208712()(19686770(15798536(-19951747(7030599()(-19397986(-17270555()(-17781674(-6880207()(-6002805(-7357091()(2468752(20286035(10730952(8251268(-17519244(21077332()(-18883496()(-4626237()(17933197()(-12449822()(15267261()(13709130()(12910283()(5817513(5187423(1046535(-5717008(-18984891(7164049(4547352()(-4454796()(15698560()(9399991(12855041(-2014027()(-11235992()(18371999(-7658197()(19794886(6574359()(12271321()(-10081173()(3463358()(-5788730(-13658493(-17699125()(100692()(-8839548()(3542981(-128057(-21094796()(-828824(-18562163()(11769191()(-3367548()(-19770110(9192704(-7042262()(-9123657(-9444876(2175205()(-17963978()()))())()))())()))))()))())()))))())())))))()))())))())()))))())())())())())())))))))))())())())())()))()))()))()))())())()))))())))))))()))())())()))())()))())))())())))())))))()))))())()))
100 -62732795 1 -62732795
(-3570317(-3713329(-18036944(13673436(-15884574()())(-20453578()()))(-17485129(13592822(13981003()())())(-12081951(-10146550(-9028948()())())(9621176()()))))(-15596356(11227228(-6599929()(-4154345(-11576888(15380766()())(8957764()()))()))(-917280(-157785(-9776190(-10799391()(1763551(3321545()())(9853642(-15646050(-12402879()(-4056116()()))())(20349364()()))))(-15308707(18008751(13289653()())())(-12087916()())))(-3750647()(11580032()(-10456214()()))))(11395471(9294754(4281777()(6624261()()))())())))(-9466299(-20332758(-17482859()(16296370(19574243(18286197(2342084(-1715138()())())(2405926(-14472631(9002826()())(3420224()()))()))(-18987753(-4278386()())(5732984(-7435690(-4537113()())(19165263(7424867()())(15568168()())))(905818()(-20480277(20095735()())())))))(18237085()())))(12687596(15753617(18634393()())())(14829182()(-4253058()(8697627()())))))(13425093(21436775()())(-8468240(-4424587(-14939433()(-6144383()(20059519()())))(-7239809(13964371()(2809811()()))(14147946(12601757()())(19062156()()))))(9669277(-10844115(18639192()(12142609(12398416()())()))())()))))))(-3408330(-17726237(2874820(-10702611()())(504371()()))(21440478(10151251()())()))(2252768()(19584192()(-10216114()())))))
13 191178169 35 19026209
(-19557012(-5566838(8167439(-21359774(4411947()())(9218761()()))(12345898()()))(5114918(9696465(228215()())(9951515(-16514732()())(-13165147()())))()))(-19293376(-7908954()(-7320906()(-9332129()())))(4260582(17124122(-17150909(7817069(16534481(190463()())(-13939420()()))())(-15153073(-6768054(21446648()(-4412696()()))())(333538(-3945261(-7299783()())(-987649()()))(-5020488(-17857571(2472434()())())(-4651218(9365465()())(7902456(-14096047()(-12544203()()))()))))))(21355212(-2906043(18059856(16188241()())())(10622505(-6772133(-15577468()(-8667923(8036348()())(1722159(-8446660(8533845()())())(5753463()(19752182()())))))())(-7461348(-16141160()())(-20323828(-17994800()())()))))(11676093(3855569()())(7498455(-15944088(-20112565()())(-13461962()()))()))))(-17620824(17650827(-14506599()())())(-13261063(681883(-12359855(16261361()())(20418114(402220(-3535720()(18835989()()))(-10239827(7895235(12371316(17183791()())())(-20490092()()))(20495156()(2489166()()))))(20944937(-18333939(2171675()())())(12000918()()))))(2194200()(-15297975(-13817091()())(3531830()()))))(-6373010(21304896(10249810(-9736563()())(6851685(15584835()())()))(-14413589()()))(-2289676(17077812()(-9886217()()))())))))))
13 -53583258 38 35231582
(19879568(-20346823()(-7945889(-20175740()(-14412381()(17732596(18272525()(19853749(-8182087(6779310(8370936(5336983()(14281734(-7096096(9118282()(-16494868()(19464044(1349481(14094316(10374302(18622526(-15740524()(21274787()(-17941502()(-8110970()(-7620656()(-8746458()(11803462()(-1443826(19728382()(-4659216()(-19634831()(5800326(-9667378()(15995463()(11945340()(-11853103(1774950(10953569(9386562(-19746969(-15311589()(-17316822(-20635472(12543396(-11834522(-1191910(-10050459()(20296024()(13986056()(12505117()(9511176()(20786110()(-13133234(8337409(-5948457(-16635167(7699895()(406337(20969505(9203628()(-4779080()(262446(-1177284(9357763()(1239272(18328900(18105113()(-8199088(-17251296(-19945279()(-7861510(-4239299()(-6070587()(-14376532()(18167976()(-10562011(-10619863()(-134270()(385870(-6494478()(8318878(-18978369()(-13551491()(-5150545()(-4485041(-14026707()(-4566222()(20323562()(7216235(-6421861()(-5764949()(-595862()(-6590320(-6959751(-18544869(-21211074(12053312(14526161()(-1722636()()))())())())())()))))()))))()))))()))())))())))))()))())()))())()))())())))())()))())())())())))))))())())())())()))())())())())()))))()))))()))))))))())())())())())))())()))())())())()))())))()))())
100 -15433889 1 -15433889
(-4294438(2193194(-16757586(3902671()(-20300688(-6921678(-2400834()())(14850250()()))()))(-1017098(-16438731(-10740767()())())(-5260866()())))(-2947424(3825244()(-11532858(1222517()())(1373066()(1747289()()))))(16882038(12267557(14260161()())(1513739(-6209568(2877050(-12057059()(-16475800()()))(-12112363(16568242()())(17352335(-2375353()())())))(19387895(8136234(14451780(-19819281()())(-19124764()()))(-3413831()(6973889()())))()))(-19694629(19821375()())(-17360863()(3256386(-13420931()())())))))(-3027372(19372117(-13779338(-4847824()())(17094502()(-2228911()(-12496527()()))))(4488968(-19443949(-13270840()())(10216211()()))(-2177662()())))(1918776(-19400711(-12434521()())(6600501(9084387(1207616()(-3219066(-6127754(4093991(-12742466()())())(-7833802(15964235(7802607()())())(10008656()())))(-14611611()(-6624973(-11594394()())()))))(11937612(1246565()())(210875()(20106601(15286694()())()))))(-14584612(-4933916(5535802(18682134()())(1721584()()))(10047179()(2777262(-8142854()())(14981241(16519()(-3307189()()))()))))())))(-18769585(4977394()())()))))))(3682399(5077262(-15244061(-13221192(11884800()())())(-17897077(16816771()(17259496()()))(1430317(1566101()())())))(103728()()))()))
15 -46575802 36 54550733
(-756922(-19203035(-10879870(12625815()(-14098233()()))(12141162()()))(-20071172(-10077490(2265143()())(-8496897(20601061(-9554764()())(-20905667(-10838589(-16829263()())())()))(16803995()())))(-2907271(8615330()())(20595588(6925250(-2105137(-12379807()())(20278698()()))(-2865674(-2676839(-5028949()())(9151746(18941452()())()))(-21170963()())))(7646203(17147800()())(10717589(8686825(16574434(-312050(14708747()())())(-12919809(-4038456()())()))(-20428003()(17156986()())))(-15328569()())))))))(-9481242(-419807(-18850325()(-1027293(5852468()(-18248279()()))(9785784(15685117()(20782371()()))(8064898()()))))(8164795(3893602()())(120990(-19681557()())(5852649(-21335696()())(-9541527()())))))(11457413(14409108(-3844417(-15787912(12221932(1810364()(-21433878()(-443445()())))(18635817(-3482414()())(-14349431()())))(-2929883(3386111()(-20392716(-7392446()())()))(16287969()())))(7941036(-14263928()(-15655958()(2674116()())))(4177281()())))())(6931198(5741452()())(-12623871(241617(12605242()())(11559865(-17100302(-7308737(1908886()())())(-6875649(20844265(465128()())(-6201713()()))(-10793430(16959157()(18953567()()))(21254791()(7274093()())))))()))(-2964312(-20605114()())(13558700()())))))))
12 4176895 40 35678936
(-608493()(3822445()(2837833()(-1872971(-16629746()(-17743967(-18368669(11895731(2479731(15461440(1746308(3432516()(-7158254()(-15251336(16120700(-3771043(3440102(-7572626(3159565(-210887(348854(-2103998()(-13050988()(3387885(-20716179(-15647786(15149593(-9912144()(-16846871(-12950589(7998745(-16234709(-2907860()(-9518768()(-17590175(2309585(-16621595()(-8213675(-15223262()(-5828701()(7237189()(1532153()(248525()(-3504716()(7263628()(-2752()(9601503(12193498()(-1009356(-14817128()(10501760()(-5482164(-13844174(-19650334(-18987907(16308148()(3124193(-13013607()(10158066(3158496()(13991594()(-12770472(-6413299(-11854903()(-15548520(3115661()(-399250()(-11813905()(2273661(-5437073(-5067509()(8705118(10858539()(11485291()(14065155(-14661689()(-1916992(16863711(-1663195()(19032931()(11628016()(-10548470(-19387087()(4607664()(5485401()(2110961(-7913688()(18439996(-15949429()(3989791()(1918535()(-14469767()(-2472881(11852402()(17900492()(13082356()(4078410(-12197284(-6873416()(18225470()()))())()))))())))))()))()))))()))))())()))())))()))())()))))()))())())))()))()))())())())())))()))())))))))))()))())())))())())())()))())())())())))())())())())())())())())))())())())())())()))()))))
100 -151596912 1 -151596912
(-10029206()(1338986()(-11017269(15541202()(-1928727(17402517()(3219236(14143347(4972755(15734440()(20783127()(9506837(5779281(19425822(18303436()(-13840035(10601162()(-13644029()(-14017150(8415040()(-10330112()(-21077195(19911712(-6871135()(7993636(-14060393()(11686918(-6712512()(6642674(5375529(-2331022(6586040()(8456368(-1962629()(-13909816(-12525752()(11987591()(-1252529()(2224647()(256389(-13595979(16590049(7351726(10600318(-17218627(-10693979(-19247962(4663551(-20060859()(3229181(13741141()(-2384428()(17124776()(-8423176(-3689539()(-2005888(-4526309(2955963(12395872()(-16404228()(-20276109()(16675032(15026240()(19763249(17040396()(-11299659(4746487()(-4051023(-17694283(-14684561(-8762910(-8114279()(-8555084()(-6893961()(-4843051()(-2375344()(-19118900(13947895(-7098210()(20246320(4007174(12145463()(-3119482()(10174565(-6906440(276196()(-19271847()(17128635(646784(-18787840(-7618354()(-12831335(-9238777()(11398965(14113336(18891629()(1205341(-4510451()(19822519()(-3688216()())))()))())()))()))())())())))())())))())()))())()))))))())())())()))()))()))()))))())())()))()))))()))())())())())())())())())())))))()))()))())())()))()))()))())())))())))()))())())())))())())()))()))())))
100 58696894 1 58696894
(-16992070()(14283682()(-18046574(-3696785(-12038169(1501810()(-832783()(-19883355(-10664198()(-20634006()(17963403()(16524273(-15262805(-9360926()(-14901762(-2923660()(-11461382(13676916(11369654()(-16350984()(-17009300()(7462128(-12248045()(-1556528(15254692(8101880(16861232(-11406187(15555800()(15736368(5518065()(-390584(17612201(1362421(17611688(-20155662()(-8531553()(8741978(12205027()(1838606(-8636980(15180035(-13735753()(601512()(-20917395(20263010()(-15529200()(7955237(3958024(4867281()(-13817691(4483789(-7419817()(-6694327(12468587(3133343(-20285147()(11245469(12317552()(-20069792(12019805()(-21007775()(21261172()(-13310368(19172199()(-1507132()(1192382()(-3242829(-20773606()(21385383()(4946953()(11929362(7090168()(-20781153()(9996708(3070241()(-15730077()(-14058699(403611()(19296941()(12335219(-2732763()(6453312(16776067()(-1711744()(18785840(15397736(21176954()(19360819(11198561()(-403751()(-18450020(11647519()(4726619()(-3040224()(-5899451(-20873702(-20901139()(-3933799()(17403712()())))())()))))())))()))())())))()))())))())))())))()))))()))))()))))()))()))())())()))())()))())())))())))())())()))())))())())())()))()))())())())())()))()))))())()))()))())()))))())))())())())))
100 42871294 1 42871294
(19094266(-314245(11822987(-6246746(7655196(15866097()(-3328857(-7888577()(-19251552()(5465730(-5318677()(20337820(2088681()(-21270971()(-9737334()(2631902()(16635232()(-11208455()(9159014(20839150()(5673876(-15762876()(-12122394()(5590395()(18711890()(15780091()(-9300257(-14758379(-9752739()(9885565()(11245650(14159228()(11829590()(-13559279()(2167524(7849814()(1105922()(-2285438()(-7286748(2343792()(18089610()(-887(14316837(13064925(20021598(-12563448(16080554()(-10879717()(-17060296()(19604622(-15773893()(4610300(18843873(21393281(-3591765()(1777478()(20708649(-3937759(16946181()(-20787339()(-11055805(-6858574()(1385065(4361922(-8263471()(21092466(9068380()(20135084()(-10549629()(-1987484()(11665395()(5974843()(238607()(-5277000()(19752625(12215992(-476818()(-16943668(-20830034()(5323462()(9016569(9403099(-5173878()(9206292()(4171842(-15142064(11551404()(-13724971(-11643689(-9448266()(3593760()(7864163(12960593(10335553(-4370385(7363264()(-2183133()(10878717()(517772(-12199053()())()))))())())())())))())()))())())))())())))()))())())))))))))()))())()))())))())())))())())()))()))))())())())())())))()))))()))))())))())()))))))()))())))))))()))())))()))())())())())())
100 221357639 1 221357639
(11606437(-9983971(-8763085(-1299828(-13837890(-10011335(13709742()())())())(2329767(18266697(18536212(21083413()())(-3562380()()))(-3370011(-18141418(-12859103()(19669189(-13181635()(-19572839()(-13212958()())))(-1265053(4445193()())())))(19396959()(6715084()())))(-13051709()(-13374029(21470018()())(11715960(1578318()())())))))(-12129338(-11469226()())(8261340()()))))(-11835847()(14552879()(18787654()()))))(8052502()()))(-296524(18049571(4266773(-1761845(-19304317(-2438239(-17592677(14266873()())(-4428461()()))(-18909242()(236898()())))(14055360()(12316904()())))())(-14095775(13904823()())(14510420(16397889(6139380()())(-7983319()()))(-4187682(16766580(-21446104(-6071136()())())(13022586(10385085(10294940()())())(-16575508(-1050877()(3917955(-17821674()())()))(-13551933(19954159(8706881()(-7535786()()))(-11751959()()))(17666411(303524(3002041()(-14668870()()))())())))))(-8443498(-5102398(2407293()())())(-4400575()()))))))(20409175(-2307133()(14510406()(-8897412()())))(-17565219(-2957053()(-274914()()))())))(7747743(-17333786(-4377111(-13106367()())(-11622546(-5530857(16225160()())())(-10664670()())))())(-21369389(2984580(9031456()(21180626()()))(-4226558()(-5149781()(5970945()()))))()))))
15 3086951 34 80322411
(3940406()(-3358081()(-13197043(-1955252()(-13232767(16502059(17329620(-11398545(19386288()(-18448569()(14795420()(20566029()(-6221247()(18487614(3088053()(7836652()(17660977(12247696()(21336105()(6370448(-17720188(-13036218()(-17483556(3553404(-17215905(-3185897()(-14324422()(11699277(17469471()(6598074(-3385315(-4755670(1386284()(16377906(-8416164()(9460835(2371410(-13402835()(15706030()(15831681(-4467945()(11292420(-16338749(-11867825(10609999()(16635517()(-15683861()(10584626()(-10270834(12243156()(-6588448()(15764156()(-6268228(-20782183()(-7783202()(1787617()(10181449(14334819(19033071()(11391886()(-20236231(7613074(13288550()(3763792(2832110(9555225()(-11575012(-3055389()(-10085329()(-14525834()(-14703634(-11098885()(-15054129()(5817436(20156914()(13611295(17016066(20878062(15829956()(-9419409(733233(-10369543(-5440619(3309596()(-20195453(5001174(-15735666(-590808(9865883()(4197174()(-18876599(-1144399()(-3358023()(16366360(29463(-3645145()(9530933()(-657836(18970607()(-21410750()()))())))())())))())))())())())()))())())())()))())())()))())))()))))()))())()))())())))())()))))()))))())))))())())()))())))())()))()))())())()))())))())())()))())())))())))()))))))())())())()))())))
100 120259716 1 120259716
(-9168507()(-18476262()(-797896()(-6065456(3476962()(11615095()(-19461627(-13249132()(1918747(9504485(-17341610(-443958(-10149470(-12624999(-9073681()(4212706()(387555()(-17291570()(-6155980()(-13087214()(10772849()(-21000192()(-14434981(-937742(-21155937()(-6636682(7960744(4280807(5958586(-15923274()(-4655215(-14761382()(19041724(-6531792()(-9732806(-9778993(-14227168()(-14080775(-436631(3322580(-8850286(-10339169(-5354981()(-16118441()(8330206(-19337763()(-9062328()(-19469235()(1956236(9914820()(1782643(-244003()(3585751()(-9064411(-5018567()(-14690130(2868888(13865488(12372702(-3606298(2763358()(-19783687(799209(17537588()(18000905()(4462199()(8776098(-17987522()(27618()(11457226(18045029(-21424721()(4500834()(-2650044()(-98940()(-684827()(4744854(5746678()(2347660()(-7028922()(-10629261(19778869(20448158()(-10489657()(-16314387()(2942598(-7200099(8071641()(10326501()(10192534(-1378028(7983362(-6183678()(-20611953(-10934532()(2982373()(-10450714()(5042317()(7705426()(18523871()()))))))()))())())())))())()))))())()))))()))))))())())))()))))())()))())())())())()))())))()))()))))())))())())())())()))())()))()))()))())())())()))())())))))))))())())())())())()))())))()))))
100 -242351036 1 -242351036